PIC_20190522_114956,607.9100,905.2423,20.1301
PIC_20190522_105306,598.3903,897.4969,20.1313
PIC_20190522_112634,604.9041,903.3679,20.1293
PIC_20190522_105351,598.1678,898.4203,20.1314
PIC_20190522_104111,596.3637,904.5357,20.1309
PIC_20190522_120738,593.8843,895.9687,20.1322
PIC_20190522_104446,595.5346,900.7075,20.1319
PIC_20190522_104751,597.1636,895.5855,20.1311
PIC_20190522_103855,596.5925,910.9370,20.1305
PIC_20190522_110845,600.1777,895.1149,20.1305
PIC_20190522_111411,603.3705,900.1999,20.1300
PIC_20190522_102404,591.2759,892.1347,20.1316
PIC_20190522_104603,595.7746,898.4728,20.1316
PIC_20190522_111750,602.2234,906.9571,20.1294
PIC_20190522_103023,594.9862,896.5105,20.1316
PIC_20190522_101045,592.8531,913.5452,20.1311
PIC_20190522_105558,597.9009,902.9427,20.1308
PIC_20190522_110532,599.6400,905.6169,20.1302
PIC_20190522_111027,601.9532,893.7870,20.1295
PIC_20190522_100509,600.0026,915.9801,20.1286
PIC_20190522_101125,590.6551,913.2632,20.1312
PIC_20190522_113341,609.0183,896.2014,20.1284
PIC_20190522_102044,581.8857,890.6522,20.1337
PIC_20190522_100806,600.8028,914.1892,20.1291
PIC_20190522_101602,584.1689,895.4795,20.1343
PIC_20190522_103255,594.2845,903.2429,20.1313
PIC_20190522_111637,602.0471,903.9546,20.1301
PIC_20190522_110928,600.3306,893.7872,20.1303
PIC_20190522_114832,608.5280,901.8616,20.1296
PIC_20190522_105431,597.6238,899.6316,20.1312
PIC_20190522_104713,596.5460,896.4536,20.1314
PIC_20190522_110615,599.5868,904.6268,20.1301
PIC_20190522_120544,615.5108,893.3508,20.1261
PIC_20190522_103718,592.5810,915.5985,20.1304
PIC_20190522_104527,595.4746,899.3662,20.1317
PIC_20190522_111151,602.6028,896.4874,20.1302
PIC_20190522_104401,595.8214,901.7683,20.1317
PIC_20190522_101726,585.9496,890.2555,20.1325
PIC_20190522_105048,599.0404,894.6769,20.1302
PIC_20190522_120223,614.0493,897.5926,20.1280
PIC_20190522_105137,598.8863,895.6158,20.1306
PIC_20190522_120258,613.8692,900.1388,20.1273
PIC_20190522_105012,599.5632,893.6734,20.1301
PIC_20190522_101820,585.1805,888.5444,20.1323
PIC_20190522_120004,610.5441,891.9462,20.1277
PIC_20190522_102634,595.1581,892.0876,20.1307
PIC_20190522_102949,595.4118,895.2510,20.1316
PIC_20190522_120034,613.2581,891.9583,20.1271
PIC_20190522_110233,599.2771,910.9204,20.1303
PIC_20190522_100645,602.1136,914.2781,20.1289
PIC_20190522_115752,609.7100,901.7103,20.1292
PIC_20190522_100546,601.1336,915.0073,20.1292
PIC_20190522_112738,605.3638,900.9660,20.1304
PIC_20190522_100957,596.0156,913.6430,20.1304
PIC_20190522_103339,594.5076,906.2361,20.1311
PIC_20190522_102909,595.9107,894.1924,20.1313
PIC_20190601_141653,107.2030,89.1455,0.0395
PIC_20190601_124147,99.8711,110.0704,0.0266
PIC_20190601_132607,98.0326,83.1275,0.0464
PIC_20190601_133917,98.4614,67.8354,0.0343
PIC_20190601_132232,104.0187,85.4749,0.0282
PIC_20190601_134107,99.6415,55.3603,0.0896
PIC_20190601_124449,95.8133,106.7342,0.0315
PIC_20190601_133113,98.3985,70.5083,0.0402
PIC_20190601_140739,102.5943,72.9540,-0.0938
PIC_20190601_140203,105.6760,75.4840,0.0588
PIC_20190601_131325,106.0226,90.8225,0.0090
PIC_20190601_133254,100.6176,69.6862,0.0246
PIC_20190601_132521,98.9432,85.5782,0.0465
PIC_20190601_133831,100.0093,62.3382,0.0685
PIC_20190601_130744,107.5235,91.2028,0.0344
PIC_20190601_135127,105.3811,52.1485,0.0783
PIC_20190601_123749,102.6984,105.6167,0.0135
PIC_20190601_142008,107.6613,104.5270,0.0598
PIC_20190601_125739,102.5975,94.0824,0.0168
PIC_20190601_123427,105.8007,105.2324,0.0291
PIC_20190601_141142,107.4129,83.4090,0.0445
PIC_20190601_125307,96.8872,92.7982,0.0435
PIC_20190601_125827,103.5218,95.4139,0.0168
PIC_20190601_135946,107.7715,74.1992,0.0704
PIC_20190601_124250,98.4357,108.7394,0.0243
PIC_20190601_135626,108.1547,64.9517,0.0609
PIC_20190601_125113,93.8210,94.1993,0.0310
PIC_20190601_125921,104.6889,93.2325,0.0090
PIC_20190601_131751,101.9407,85.0165,-0.0415
PIC_20190601_124540,97.4583,105.6557,0.0289
PIC_20190601_142622,113.4079,105.7942,0.0633
PIC_20190601_124058,101.4887,108.7998,0.0204
PIC_20190601_123336,107.1037,103.8629,0.0393
PIC_20190601_124801,98.5873,103.9743,0.0188
PIC_20190601_125454,99.0667,93.3391,0.5609
PIC_20190601_130018,105.3213,94.6949,0.0130
PIC_20190601_125552,98.4156,92.2432,0.0279
PIC_20190601_125007,95.8037,95.3105,0.0402
PIC_20190601_122958,104.2424,101.2202,0.0362
PIC_20190601_132042,102.9430,81.1450,-0.0805
