PIC_20190601_141653,107.2030,89.1455,0.0395
PIC_20190601_124147,99.8711,110.0704,0.0266
PIC_20190601_132607,98.0326,83.1275,0.0464
PIC_20190601_133917,98.4614,67.8354,0.0343
PIC_20190601_132232,104.0187,85.4749,0.0282
PIC_20190601_134107,99.6415,55.3603,0.0896
PIC_20190601_124449,95.8133,106.7342,0.0315
PIC_20190601_133113,98.3985,70.5083,0.0402
PIC_20190601_140739,102.5943,72.9540,-0.0938
PIC_20190601_140203,105.6760,75.4840,0.0588
PIC_20190601_131325,106.0226,90.8225,0.0090
PIC_20190601_133254,100.6176,69.6862,0.0246
PIC_20190601_132521,98.9432,85.5782,0.0465
PIC_20190601_133831,100.0093,62.3382,0.0685
PIC_20190601_130744,107.5235,91.2028,0.0344
PIC_20190601_135127,105.3811,52.1485,0.0783
PIC_20190601_123749,102.6984,105.6167,0.0135
PIC_20190601_142008,107.6613,104.5270,0.0598
PIC_20190601_125739,102.5975,94.0824,0.0168
PIC_20190601_123427,105.8007,105.2324,0.0291
PIC_20190601_141142,107.4129,83.4090,0.0445
PIC_20190601_125307,96.8872,92.7982,0.0435
PIC_20190601_125827,103.5218,95.4139,0.0168
PIC_20190601_135946,107.7715,74.1992,0.0704
PIC_20190601_124250,98.4357,108.7394,0.0243
PIC_20190601_135626,108.1547,64.9517,0.0609
PIC_20190601_125113,93.8210,94.1993,0.0310
PIC_20190601_125921,104.6889,93.2325,0.0090
PIC_20190601_131751,101.9407,85.0165,-0.0415
PIC_20190601_124540,97.4583,105.6557,0.0289
PIC_20190601_142622,113.4079,105.7942,0.0633
PIC_20190601_124058,101.4887,108.7998,0.0204
PIC_20190601_123336,107.1037,103.8629,0.0393
PIC_20190601_124801,98.5873,103.9743,0.0188
PIC_20190601_125454,99.0667,93.3391,0.5609
PIC_20190601_130018,105.3213,94.6949,0.0130
PIC_20190601_125552,98.4156,92.2432,0.0279
PIC_20190601_125007,95.8037,95.3105,0.0402
PIC_20190601_122958,104.2424,101.2202,0.0362
PIC_20190601_132042,102.9430,81.1450,-0.0805
