PIC_20190522_114956,607.9100,905.2423,20.1301
PIC_20190522_105306,598.3903,897.4969,20.1313
PIC_20190522_112634,604.9041,903.3679,20.1293
PIC_20190522_105351,598.1678,898.4203,20.1314
PIC_20190522_104111,596.3637,904.5357,20.1309
PIC_20190522_120738,593.8843,895.9687,20.1322
PIC_20190522_104446,595.5346,900.7075,20.1319
PIC_20190522_104751,597.1636,895.5855,20.1311
PIC_20190522_103855,596.5925,910.9370,20.1305
PIC_20190522_110845,600.1777,895.1149,20.1305
PIC_20190522_111411,603.3705,900.1999,20.1300
PIC_20190522_102404,591.2759,892.1347,20.1316
PIC_20190522_104603,595.7746,898.4728,20.1316
PIC_20190522_111750,602.2234,906.9571,20.1294
PIC_20190522_103023,594.9862,896.5105,20.1316
PIC_20190522_101045,592.8531,913.5452,20.1311
PIC_20190522_105558,597.9009,902.9427,20.1308
PIC_20190522_110532,599.6400,905.6169,20.1302
PIC_20190522_111027,601.9532,893.7870,20.1295
PIC_20190522_100509,600.0026,915.9801,20.1286
PIC_20190522_101125,590.6551,913.2632,20.1312
PIC_20190522_113341,609.0183,896.2014,20.1284
PIC_20190522_102044,581.8857,890.6522,20.1337
PIC_20190522_100806,600.8028,914.1892,20.1291
PIC_20190522_101602,584.1689,895.4795,20.1343
PIC_20190522_103255,594.2845,903.2429,20.1313
PIC_20190522_111637,602.0471,903.9546,20.1301
PIC_20190522_110928,600.3306,893.7872,20.1303
PIC_20190522_114832,608.5280,901.8616,20.1296
PIC_20190522_105431,597.6238,899.6316,20.1312
PIC_20190522_104713,596.5460,896.4536,20.1314
PIC_20190522_110615,599.5868,904.6268,20.1301
PIC_20190522_120544,615.5108,893.3508,20.1261
PIC_20190522_103718,592.5810,915.5985,20.1304
PIC_20190522_104527,595.4746,899.3662,20.1317
PIC_20190522_111151,602.6028,896.4874,20.1302
PIC_20190522_104401,595.8214,901.7683,20.1317
PIC_20190522_101726,585.9496,890.2555,20.1325
PIC_20190522_105048,599.0404,894.6769,20.1302
PIC_20190522_120223,614.0493,897.5926,20.1280
PIC_20190522_105137,598.8863,895.6158,20.1306
PIC_20190522_120258,613.8692,900.1388,20.1273
PIC_20190522_105012,599.5632,893.6734,20.1301
PIC_20190522_101820,585.1805,888.5444,20.1323
PIC_20190522_120004,610.5441,891.9462,20.1277
PIC_20190522_102634,595.1581,892.0876,20.1307
PIC_20190522_102949,595.4118,895.2510,20.1316
PIC_20190522_120034,613.2581,891.9583,20.1271
PIC_20190522_110233,599.2771,910.9204,20.1303
PIC_20190522_100645,602.1136,914.2781,20.1289
PIC_20190522_115752,609.7100,901.7103,20.1292
PIC_20190522_100546,601.1336,915.0073,20.1292
PIC_20190522_112738,605.3638,900.9660,20.1304
PIC_20190522_100957,596.0156,913.6430,20.1304
PIC_20190522_103339,594.5076,906.2361,20.1311
PIC_20190522_102909,595.9107,894.1924,20.1313
