PIC_20190522_103718,592.5955,915.4213,20.1306
PIC_20190522_103255,594.3405,903.2015,20.1298
PIC_20190522_104527,595.6754,899.2833,20.1335
PIC_20190522_110532,599.5115,905.7291,20.1341
PIC_20190522_104751,596.9982,895.2458,20.1320
PIC_20190522_105431,597.7068,899.3716,20.1336
PIC_20190522_111637,602.0797,903.9318,20.1344
PIC_20190522_105012,599.3388,893.1671,20.1322
PIC_20190522_100957,596.1412,913.6569,20.1287
PIC_20190522_110615,599.4442,904.4241,20.1328
PIC_20190522_110928,600.0622,893.1350,20.1328
PIC_20190522_103855,596.5939,910.9405,20.1316
PIC_20190522_120034,613.2684,891.6102,20.1263
PIC_20190522_100546,601.0900,915.1529,20.1266
PIC_20190522_104603,595.8626,898.3294,20.1321
PIC_20190522_111750,601.9673,907.0127,20.1305
PIC_20190522_120223,613.9382,897.7335,20.1242
PIC_20190522_105558,598.1116,902.7917,20.1330
PIC_20190522_101602,584.8518,896.3998,20.1217
PIC_20190522_101125,590.9424,912.9862,20.1319
PIC_20190522_105351,598.2421,898.1790,20.1351
PIC_20190522_104111,596.3547,904.3045,20.1327
PIC_20190522_110845,600.0099,894.5923,20.1339
PIC_20190522_110233,599.0754,911.0267,20.1324
PIC_20190522_101726,585.5432,891.9053,20.1246
PIC_20190522_103023,594.9955,896.4310,20.1306
PIC_20190522_102044,581.8927,892.9941,20.1248
PIC_20190522_120004,610.3348,891.4552,20.1266
PIC_20190522_120258,613.9863,900.0200,20.1251
PIC_20190522_112634,605.0163,903.2767,20.1311
PIC_20190522_105048,598.8669,894.2418,20.1331
PIC_20190522_103339,594.5775,905.8528,20.1304
PIC_20190522_120544,615.5470,893.2788,20.1208
PIC_20190522_105137,598.7402,895.2268,20.1333
PIC_20190522_102909,595.6850,893.9325,20.1307
PIC_20190522_100645,601.9815,914.4932,20.1268
PIC_20190522_101045,593.0195,913.3749,20.1299
PIC_20190522_104401,595.9812,901.5227,20.1341
PIC_20190522_102949,595.2606,895.0908,20.1307
PIC_20190522_120738,593.7732,895.9351,20.1338
PIC_20190522_102634,594.7751,891.8227,20.1280
PIC_20190522_114832,608.6883,901.7613,20.1302
PIC_20190522_104713,596.4948,896.2588,20.1331
PIC_20190522_111411,603.4481,900.0989,20.1351
PIC_20190522_104446,595.7087,900.4541,20.1340
PIC_20190522_113341,609.0390,896.0531,20.1315
PIC_20190522_100509,599.9757,916.1822,20.1261
PIC_20190522_102404,590.9014,892.1946,20.1272
PIC_20190522_111027,601.7650,893.1807,20.1315
PIC_20190522_111151,602.6338,896.0322,20.1326
PIC_20190522_101820,584.6302,890.5084,20.1272
PIC_20190522_105306,598.4178,897.2020,20.1352
PIC_20190522_100806,600.7828,914.3791,20.1271
PIC_20190522_115752,609.8665,901.6476,20.1305
PIC_20190522_112738,605.5173,900.9639,20.1334
PIC_20190522_114956,607.9204,905.3700,20.1283
